%% [hostetje] This is the same as 'case_rts96_dyn.m' except that there are
%% only 3 values of .zone in the bus list. We obtain these from the
%% most-significant digit in the original .zone value.

function ps = case_rts96_dyn_java


ps.casename = 'rts96';
ps.baseMVA = 100.000000;


ps.bus = [...
%ID     type    Pd  Qd Gs   Bs area   Vmag Vang baseKV zone     Vmax Vmin lam_P lam_Q mu_Vx mu_Vn locX locY delta_sys num_feeders
101 	2 		108 22 	0 	0 	11 		1 	0 	138 	1 		1.1 	0.9    0 0 0 0 0 0 0  0;
102 	2 		97  20 	0 	0 	11 		1 	0 	138 	1 		1.1 	0.9    0 0 0 0 0 0 0  0;
103 	1 		180 37 	0 	0 	11 		1 	0 	138 	1 		1.1 	0.9    0 0 0 0 0 0 0  0;
104 	1 		74  15 	0 	0 	11 		1 	0 	138 	1 		1.1 	0.9    0 0 0 0 0 0 0  0;
105 	1 		71  14 	0 	0 	11 		1 	0 	138 	1 		1.1 	0.9    0 0 0 0 0 0 0  0;
106 	1 		136 28 	0 	1 	11 		1 	0 	138 	1 		1.1 	0.9    0 0 0 0 0 0 0  0;
107 	2 		125 25 	0 	0 	11 		1 	0 	138 	1 		1.1 	0.9    0 0 0 0 0 0 0  0;
108 	1 		171 35 	0 	0 	11 		1 	0 	138 	1 		1.1 	0.9    0 0 0 0 0 0 0  0;
109 	1 		175 36 	0 	0 	11 		1 	0 	138 	1 		1.1 	0.9    0 0 0 0 0 0 0  0;
110 	1 		195 40 	0 	0 	11 		1 	0 	138 	1 		1.1 	0.9    0 0 0 0 0 0 0  0;
111 	1 		0   0  	0 	0 	11 		1 	0 	230 	1 		1.1 	0.9    0 0 0 0 0 0 0  0;
112 	1 		0   0  	0 	0 	11 		1 	0 	230 	1 		1.1 	0.9    0 0 0 0 0 0 0  0;
113 	3 		265 54 	0 	0 	12 		1 	0 	230 	1 		1.1 	0.9    0 0 0 0 0 0 0  0;
114 	2 		194 39 	0 	0 	12 		1 	0 	230 	1 		1.1 	0.9    0 0 0 0 0 0 0  0;
115 	2 		317 64 	0 	0 	12 		1 	0 	230 	1 		1.1 	0.9    0 0 0 0 0 0 0  0;
116 	2 		100 20 	0 	0 	12 		1 	0 	230 	1 		1.1 	0.9    0 0 0 0 0 0 0  0;
117 	1 		0   0  	0 	0 	12 		1 	0 	230 	1 		1.1 	0.9    0 0 0 0 0 0 0  0;
118 	2 		333 68 	0 	0 	12 		1 	0 	230 	1 		1.1 	0.9    0 0 0 0 0 0 0  0;
119 	1 		181 37 	0 	0 	12 		1 	0 	230 	1 		1.1 	0.9    0 0 0 0 0 0 0  0;
120 	1 		128 26 	0 	0 	12 		1 	0 	230 	1 		1.1 	0.9    0 0 0 0 0 0 0  0;
121 	2 		0   0  	0 	0 	12 		1 	0 	230 	1 		1.1 	0.9    0 0 0 0 0 0 0  0;
122 	2 		0   0  	0 	0 	12 		1 	0 	230 	1 		1.1 	0.9    0 0 0 0 0 0 0  0;
123 	2 		0   0  	0 	0 	12 		1 	0 	230 	1 		1.1 	0.9    0 0 0 0 0 0 0  0;
124 	1 		0   0  	0 	0 	12 		1 	0 	230 	1 		1.1 	0.9    0 0 0 0 0 0 0  0;     
201 	2 		108 22 	0 	0 	21 		1 	0 	138 	2 		1.1 	0.9    0 0 0 0 0 0 0  0;
202 	2 		97  20 	0 	0 	21 		1 	0 	138 	2 		1.1 	0.9    0 0 0 0 0 0 0  0;
203 	1 		180 37 	0 	0 	21 		1 	0 	138 	2 		1.1 	0.9    0 0 0 0 0 0 0  0;
204 	1 		74  15 	0 	0 	21 		1 	0 	138 	2 		1.1 	0.9    0 0 0 0 0 0 0  0;
205 	1 		71  14 	0 	0 	21 		1 	0 	138 	2 		1.1 	0.9    0 0 0 0 0 0 0  0;
206 	1 		136 28 	0 	1 	21 		1 	0 	138 	2 		1.1 	0.9    0 0 0 0 0 0 0  0;
207 	2 		125 25 	0 	0 	21 		1 	0 	138 	2 		1.1 	0.9    0 0 0 0 0 0 0  0;
208 	1 		171 35 	0 	0 	21 		1 	0 	138 	2 		1.1 	0.9    0 0 0 0 0 0 0  0;
209 	1 		175 36 	0 	0 	21 		1 	0 	138 	2 		1.1 	0.9    0 0 0 0 0 0 0  0;
210 	1 		195 40 	0 	0 	21 		1 	0 	138 	2 		1.1 	0.9    0 0 0 0 0 0 0  0;
211 	1 		0   0  	0 	0 	21 		1 	0 	230 	2 		1.1 	0.9    0 0 0 0 0 0 0  0;
212 	1 		0   0  	0 	0 	21 		1 	0 	230 	2 		1.1 	0.9    0 0 0 0 0 0 0  0;
213 	2 		265 54 	0 	0 	22 		1 	0 	230 	2 		1.1 	0.9    0 0 0 0 0 0 0  0;
214 	2 		194 39 	0 	0 	22 		1	0 	230	 	2 		1.1 	0.9    0 0 0 0 0 0 0  0;
215 	2 		317 64 	0 	0 	22 		1 	0 	230 	2 		1.1 	0.9    0 0 0 0 0 0 0  0;
216 	2 		100 20 	0 	0 	22 		1 	0 	230 	2 		1.1 	0.9    0 0 0 0 0 0 0  0;
217 	1 		0   0  	0 	0 	22 		1 	0 	230 	2 		1.1 	0.9    0 0 0 0 0 0 0  0;
218 	2 		333 68 	0 	0 	22 		1 	0 	230 	2 		1.1 	0.9    0 0 0 0 0 0 0  0;
219 	1 		181 37 	0 	0 	22 		1 	0 	230 	2 		1.1 	0.9    0 0 0 0 0 0 0  0;
220 	1 		128 26 	0 	0 	22 		1 	0 	230 	2 		1.1 	0.9    0 0 0 0 0 0 0  0;
221 	2 		0   0  	0 	0 	22 		1 	0 	230 	2 		1.1 	0.9    0 0 0 0 0 0 0  0;
222 	2 		0   0  	0 	0 	22 		1 	0 	230 	2 		1.1 	0.9    0 0 0 0 0 0 0  0;
223 	2 		0   0  	0 	0 	22 		1 	0 	230 	2 		1.1 	0.9    0 0 0 0 0 0 0  0;
224 	1 		0   0  	0 	0 	22 		1 	0 	230 	2 		1.1 	0.9    0 0 0 0 0 0 0  0;
301 	2 		108 22 	0 	0 	31 		1 	0 	138 	3 		1.1 	0.9    0 0 0 0 0 0 0  0;
302 	2 		97  20 	0 	0 	31 		1 	0 	138 	3 		1.1 	0.9    0 0 0 0 0 0 0  0;
303 	1 		180 37 	0 	0 	31 		1 	0 	138 	3 		1.1 	0.9    0 0 0 0 0 0 0  0;
304 	1 		74  15 	0 	0 	31 		1 	0 	138 	3 		1.1 	0.9    0 0 0 0 0 0 0  0;
305 	1 		71  14 	0 	0 	31 		1 	0 	138 	3 		1.1 	0.9    0 0 0 0 0 0 0  0;
306 	1 		136 28 	0 	1 	31 		1 	0 	138 	3 		1.1 	0.9    0 0 0 0 0 0 0  0;
307 	2 		125 25 	0 	0 	31 		1 	0 	138 	3 		1.1 	0.9    0 0 0 0 0 0 0  0;
308 	1 		171 35 	0 	0 	31 		1 	0 	138 	3 		1.1 	0.9    0 0 0 0 0 0 0  0;
309 	1 		175 36 	0 	0 	31 		1 	0 	138 	3 		1.1 	0.9    0 0 0 0 0 0 0  0;
310 	1 		195 40 	0 	0 	31 		1 	0 	138 	3 		1.1 	0.9    0 0 0 0 0 0 0  0;
311 	1 		0   0  	0 	0 	31 		1 	0 	230 	3 		1.1 	0.9    0 0 0 0 0 0 0  0;
312 	1 		0   0  	0 	0 	31 		1 	0 	230 	3 		1.1 	0.9    0 0 0 0 0 0 0  0;
313 	2 		265 54 	0 	0 	32 		1 	0 	230 	3 		1.1 	0.9    0 0 0 0 0 0 0  0;
314 	2 		194 39 	0 	0 	32 		1 	0 	230 	3 		1.1 	0.9    0 0 0 0 0 0 0  0;
315 	2 		317 64 	0 	0 	32 		1 	0 	230 	3 		1.1 	0.9    0 0 0 0 0 0 0  0;
316 	2 		100 20 	0 	0 	32 		1 	0 	230 	3 		1.1 	0.9    0 0 0 0 0 0 0  0;
317 	1 		0   0  	0 	0 	32 		1 	0 	230 	3 		1.1 	0.9    0 0 0 0 0 0 0  0;
318 	2 		333 68 	0 	0 	32 		1 	0 	230 	3 		1.1 	0.9    0 0 0 0 0 0 0  0;
319 	1 		181 37 	0 	0 	32 		1 	0 	230 	3 		1.1 	0.9    0 0 0 0 0 0 0  0;
320 	1 		128 26 	0 	0 	32 		1 	0 	230 	3 		1.1 	0.9    0 0 0 0 0 0 0  0;
321 	2 		0   0  	0 	0 	32 		1 	0 	230 	3 		1.1 	0.9    0 0 0 0 0 0 0  0;
322 	2 		0   0  	0 	0 	32 		1 	0 	230 	3 		1.1 	0.9    0 0 0 0 0 0 0  0;
323 	2 		0   0  	0 	0 	32 		1 	0 	230 	3 		1.1 	0.9    0 0 0 0 0 0 0  0;
324 	1 		0   0  	0 	0 	32 		1 	0 	230 	3 		1.1 	0.9    0 0 0 0 0 0 0  0;
325 	1 		0   0  	0 	0 	32 		1 	0 	230 	3 		1.1 	0.9    0 0 0 0 0 0 0  0;
];


